0000000003|0000|1990|02|0.56950|CI||275|0|2923|900|0|0|0|4098|0||||||4098.00|0.00|0.00|12.23|11.11|23.34
0000000003|0000|1990|03|0.40900|CO||275|0|2923|900|0|0|0|4098|0||||||4098.00|0.00|0.00|16.76|0.00|16.76
0000000003|0000|1990|04|0.00010|CR||275|0|2923|900|0|0|0|4098|0||||||4098.00|0.00|0.00|0.00|0.00|0.00
0000000003|0000|1990|08|1.64100|SD||275|0|2923|900|0|0|0|4098|0||||Y||4098.00|0.00|0.00|50.24|17.01|67.25
0000000007|0000|1990|01|1.26600|SD||25500|0|35000|17500|0|0|0|78000|0||||Y||78000.00|0.00|0.00|836.55|150.93|987.48
0000000007|0000|1990|02|0.56950|CI||25500|0|35000|17500|0|0|0|78000|0||||||78000.00|0.00|0.00|232.75|211.46|444.21
0000000007|0000|1990|03|0.40900|CO||25500|0|35000|17500|0|0|0|78000|0||||||78000.00|0.00|0.00|319.02|0.00|319.02
0000000007|0000|1990|04|0.00010|CR||25500|0|35000|17500|0|0|0|78000|0||||||78000.00|0.00|0.00|0.08|0.00|0.08
0000000007|0000|1990|68|0.05000|CC||25500|0|35000|17500|0|0|0|78000|0||||Y||78000.00|0.00|0.00|39.00|0.00|39.00
0000000014|0000|1990|01|1.26600|SD||100|0|796|1400|0|0|0|2296|0||||Y||2296.00|0.00|0.00|24.63|4.44|29.07
0000000014|0000|1990|02|0.56950|CI||100|0|796|1400|0|0|0|2296|0||||||2296.00|0.00|0.00|6.85|6.23|13.08
0000000014|0000|1990|03|0.40900|CO||100|0|796|1400|0|0|0|2296|0||||||2296.00|0.00|0.00|9.39|0.00|9.39
0000000014|0000|1990|04|0.00010|CR||100|0|796|1400|0|0|0|2296|0||||||2296.00|0.00|0.00|0.00|0.00|0.00
0000000014|0000|1990|68|0.05000|CC||100|0|796|1400|0|0|0|2296|0||||Y||2296.00|0.00|0.00|1.15|0.00|1.15
0000000015|0000|1990|02|0.56950|CI||100|0|1330|0|0|0|0|1430|0||||||1430.00|0.00|0.00|4.27|3.87|8.14
0000000015|0000|1990|03|0.40900|CO||100|0|1330|0|0|0|0|1430|0||||||1430.00|0.00|0.00|5.85|0.00|5.85
0000000015|0000|1990|04|0.00010|CR||100|0|1330|0|0|0|0|1430|0||||||1430.00|0.00|0.00|0.00|0.00|0.00
0000000015|0000|1990|06|1.11000|SD||100|0|1330|0|0|0|0|1430|0||||Y||1430.00|0.00|0.00|13.70|2.17|15.87
0000000018|0000|1990|01|1.26600|SD||37190|0|5750|20000|0|0|0|62940|0||||Y||62940.00|0.00|0.00|675.03|121.79|796.82
0000000018|0000|1990|02|0.56950|CI||37190|0|5750|20000|0|0|0|62940|0||||||62940.00|0.00|0.00|187.81|170.63|358.44
0000000018|0000|1990|03|0.40900|CO||37190|0|5750|20000|0|0|0|62940|0||||||62940.00|0.00|0.00|257.42|0.00|257.42
0000000018|0000|1990|04|0.00010|CR||37190|0|5750|20000|0|0|0|62940|0||||||62940.00|0.00|0.00|0.06|0.00|0.06
0000000018|0000|1990|68|0.05000|CC||37190|0|5750|20000|0|0|0|62940|0||||Y||62940.00|0.00|0.00|31.47|0.00|31.47
0000000019|0000|1990|01|1.26600|SD||3500|0|37852|10500|0|0|0|51852|0||||Y||51852.00|0.00|0.00|556.12|100.33|656.45
0000000019|0000|1990|02|0.56950|CI||3500|0|37852|10500|0|0|0|51852|0||||||51852.00|0.00|0.00|154.73|140.57|295.30
0000000019|0000|1990|03|0.40900|CO||3500|0|37852|10500|0|0|0|51852|0||||||51852.00|0.00|0.00|212.07|0.00|212.07
0000000019|0000|1990|04|0.00010|CR||3500|0|37852|10500|0|0|0|51852|0||||||51852.00|0.00|0.00|0.05|0.00|0.05
0000000019|0000|1990|68|0.05000|CC||3500|0|37852|10500|0|0|0|51852|0||||Y||51852.00|0.00|0.00|25.93|0.00|25.93
0000000021|0000|1990|01|1.26600|SD||147|0|405|0|0|0|0|552|0||||Y||552.00|0.00|0.00|5.92|1.07|6.99
0000000021|0000|1990|02|0.56950|CI||147|0|405|0|0|0|0|552|0||||||552.00|0.00|0.00|1.65|1.49|3.14
0000000021|0000|1990|03|0.40900|CO||147|0|405|0|0|0|0|552|0||||||552.00|0.00|0.00|2.26|0.00|2.26
0000000021|0000|1990|04|0.00010|CR||147|0|405|0|0|0|0|552|0||||||552.00|0.00|0.00|0.00|0.00|0.00
0000000021|0000|1990|68|0.05000|CC||147|0|405|0|0|0|0|552|0||||Y||552.00|0.00|0.00|0.28|0.00|0.28
0000000023|0000|1990|01|1.26600|SD||1000|0|10700|6725|0|0|0|18425|0||||Y||18425.00|0.00|0.00|197.61|35.65|233.26
0000000023|0000|1990|02|0.56950|CI||1000|0|10700|6725|0|0|0|18425|0||||||18425.00|0.00|0.00|54.98|49.95|104.93
0000000023|0000|1990|03|0.40900|CO||1000|0|10700|6725|0|0|0|18425|0||||||18425.00|0.00|0.00|75.36|0.00|75.36
0000000023|0000|1990|04|0.00010|CR||1000|0|10700|6725|0|0|0|18425|0||||||18425.00|0.00|0.00|0.02|0.00|0.02
0000000023|0000|1990|68|0.05000|CC||1000|0|10700|6725|0|0|0|18425|0||||Y||18425.00|0.00|0.00|9.21|0.00|9.21
0000000024|0000|1990|01|1.26600|SD||6200|0|28832|25900|0|0|0|60932|0||||Y||60932.00|0.00|0.00|653.50|117.90|771.40
0000000024|0000|1990|02|0.56950|CI||6200|0|28832|25900|0|0|0|60932|0||||||60932.00|0.00|0.00|181.82|165.19|347.01
0000000024|0000|1990|03|0.40900|CO||6200|0|28832|25900|0|0|0|60932|0||||||60932.00|0.00|0.00|249.21|0.00|249.21
0000000024|0000|1990|04|0.00010|CR||6200|0|28832|25900|0|0|0|60932|0||||||60932.00|0.00|0.00|0.06|0.00|0.06
0000000024|0000|1990|68|0.05000|CC||6200|0|28832|25900|0|0|0|60932|0||||Y||60932.00|0.00|0.00|30.47|0.00|30.47
0000000025|0000|1990|01|1.26600|SD||0|0|2321|0|0|0|0|2321|0||||Y||2321.00|0.00|0.00|24.89|4.49|29.38
0000000025|0000|1990|02|0.56950|CI||0|0|2321|0|0|0|0|2321|0||||||2321.00|0.00|0.00|6.93|6.29|13.22
0000000025|0000|1990|03|0.40900|CO||0|0|2321|0|0|0|0|2321|0||||||2321.00|0.00|0.00|9.49|0.00|9.49
0000000025|0000|1990|04|0.00010|CR||0|0|2321|0|0|0|0|2321|0||||||2321.00|0.00|0.00|0.00|0.00|0.00
0000000025|0000|1990|68|0.05000|CC||0|0|2321|0|0|0|0|2321|0||||Y||2321.00|0.00|0.00|1.16|0.00|1.16
0000000027|0000|1990|01|1.26600|SD||124623|0|2644|0|0|0|0|127267|0||||Y||127267.00|0.00|0.00|1364.94|246.26|1611.20
0000000027|0000|1990|02|0.56950|CI||124623|0|2644|0|0|0|0|127267|0||||||127267.00|0.00|0.00|379.77|345.02|724.79
0000000027|0000|1990|03|0.40900|CO||124623|0|2644|0|0|0|0|127267|0||||||127267.00|0.00|0.00|520.52|0.00|520.52
0000000027|0000|1990|04|0.00010|CR||124623|0|2644|0|0|0|0|127267|0||||||127267.00|0.00|0.00|0.13|0.00|0.13
0000000027|0000|1990|68|0.05000|CC||124623|0|2644|0|0|0|0|127267|0||||Y||127267.00|0.00|0.00|63.63|0.00|63.63
0000000033|0000|1990|01|1.26600|SD||1489|0|1417|0|0|0|0|2906|0||||Y||2906.00|0.00|0.00|31.17|5.62|36.79
0000000033|0000|1990|02|0.56950|CI||1489|0|1417|0|0|0|0|2906|0||||||2906.00|0.00|0.00|8.67|7.88|16.55
0000000033|0000|1990|03|0.40900|CO||1489|0|1417|0|0|0|0|2906|0||||||2906.00|0.00|0.00|11.89|0.00|11.89
0000000033|0000|1990|04|0.00010|CR||1489|0|1417|0|0|0|0|2906|0||||||2906.00|0.00|0.00|0.00|0.00|0.00
0000000033|0000|1990|68|0.05000|CC||1489|0|1417|0|0|0|0|2906|0||||Y||2906.00|0.00|0.00|1.45|0.00|1.45
0000000034|0000|1990|01|1.26600|SD||20000|0|39895|2975|0|0|0|62870|0||||Y||62870.00|0.00|0.00|674.28|121.65|795.93
0000000034|0000|1990|02|0.56950|CI||20000|0|39895|2975|0|0|0|62870|0||||||62870.00|0.00|0.00|187.60|170.44|358.04
0000000034|0000|1990|03|0.40900|CO||20000|0|39895|2975|0|0|0|62870|0||||||62870.00|0.00|0.00|257.14|0.00|257.14
0000000034|0000|1990|04|0.00010|CR||20000|0|39895|2975|0|0|0|62870|0||||||62870.00|0.00|0.00|0.06|0.00|0.06
0000000034|0000|1990|68|0.05000|CC||20000|0|39895|2975|0|0|0|62870|0||||Y||62870.00|0.00|0.00|31.44|0.00|31.44
0000000041|0000|1990|01|1.26600|SD||0|0|990|0|0|0|0|990|0||||Y||990.00|0.00|0.00|10.61|1.92|12.53
0000000041|0000|1990|02|0.56950|CI||0|0|990|0|0|0|0|990|0||||||990.00|0.00|0.00|2.96|2.68|5.64
0000000041|0000|1990|03|0.40900|CO||0|0|990|0|0|0|0|990|0||||||990.00|0.00|0.00|4.05|0.00|4.05
0000000041|0000|1990|04|0.00010|CR||0|0|990|0|0|0|0|990|0||||||990.00|0.00|0.00|0.00|0.00|0.00
0000000041|0000|1990|68|0.05000|CC||0|0|990|0|0|0|0|990|0||||Y||990.00|0.00|0.00|0.50|0.00|0.50
0000000045|0000|1990|01|1.26600|SD||600|0|18355|0|0|0|0|18955|0||||Y||18955.00|0.00|0.00|203.29|36.68|239.97
0000000045|0000|1990|02|0.56950|CI||600|0|18355|0|0|0|0|18955|0||||||18955.00|0.00|0.00|56.56|51.39|107.95
0000000045|0000|1990|03|0.40900|CO||600|0|18355|0|0|0|0|18955|0||||||18955.00|0.00|0.00|77.53|0.00|77.53
0000000045|0000|1990|04|0.00010|CR||600|0|18355|0|0|0|0|18955|0||||||18955.00|0.00|0.00|0.02|0.00|0.02
0000000045|0000|1990|68|0.05000|CC||600|0|18355|0|0|0|0|18955|0||||Y||18955.00|0.00|0.00|9.48|0.00|9.48
0000000048|0000|1990|02|0.56950|CI||70|0|1443|0|0|0|0|1513|0||||||1513.00|0.00|0.00|4.52|4.10|8.62
0000000048|0000|1990|03|0.40900|CO||70|0|1443|0|0|0|0|1513|0||||||1513.00|0.00|0.00|6.19|0.00|6.19
0000000048|0000|1990|04|0.00010|CR||70|0|1443|0|0|0|0|1513|0||||||1513.00|0.00|0.00|0.00|0.00|0.00
0000000048|0000|1990|06|1.11000|SD||70|0|1443|0|0|0|0|1513|0||||Y||1513.00|0.00|0.00|14.49|2.30|16.79
0000000050|0000|1990|01|1.26600|SD||54167|0|2667|0|0|0|0|56834|0||||Y||56834.00|0.00|0.00|609.55|109.97|719.52
0000000050|0000|1990|02|0.56950|CI||54167|0|2667|0|0|0|0|56834|0||||||56834.00|0.00|0.00|169.59|154.08|323.67
0000000050|0000|1990|03|0.40900|CO||54167|0|2667|0|0|0|0|56834|0||||||56834.00|0.00|0.00|232.45|0.00|232.45
0000000050|0000|1990|04|0.00010|CR||54167|0|2667|0|0|0|0|56834|0||||||56834.00|0.00|0.00|0.06|0.00|0.06
0000000050|0000|1990|68|0.05000|CC||54167|0|2667|0|0|0|0|56834|0||||Y||56834.00|0.00|0.00|28.42|0.00|28.42
0000000051|0000|1990|01|1.26600|SD||641879|0|60579|0|0|0|0|702458|0||||Y||702458.00|0.00|0.00|7533.90|1359.22|8893.12
0000000051|0000|1990|02|0.56950|CI||641879|0|60579|0|0|0|0|702458|0||||||702458.00|0.00|0.00|2096.14|1904.36|4000.50
0000000051|0000|1990|03|0.40900|CO||641879|0|60579|0|0|0|0|702458|0||||||702458.00|0.00|0.00|2873.05|0.00|2873.05
0000000051|0000|1990|04|0.00010|CR||641879|0|60579|0|0|0|0|702458|0||||||702458.00|0.00|0.00|0.70|0.00|0.70
0000000051|0000|1990|68|0.05000|CC||641879|0|60579|0|0|0|0|702458|0||||Y||702458.00|0.00|0.00|351.23|0.00|351.23
0000000052|0000|1990|01|1.26600|SD||20500|0|15781|13905|0|0|0|50186|0||||Y||50186.00|0.00|0.00|538.24|97.11|635.35
0000000052|0000|1990|02|0.56950|CI||20500|0|15781|13905|0|0|0|50186|0||||||50186.00|0.00|0.00|149.76|136.05|285.81
0000000052|0000|1990|03|0.40900|CO||20500|0|15781|13905|0|0|0|50186|0||||||50186.00|0.00|0.00|205.26|0.00|205.26
0000000052|0000|1990|04|0.00010|CR||20500|0|15781|13905|0|0|0|50186|0||||||50186.00|0.00|0.00|0.05|0.00|0.05
0000000052|0000|1990|68|0.05000|CC||20500|0|15781|13905|0|0|0|50186|0||||Y||50186.00|0.00|0.00|25.09|0.00|25.09
0000000056|0000|1990|01|1.26600|SD||5500|0|25000|107988|0|0|0|138488|0||||Y||138488.00|0.00|0.00|1485.29|267.97|1753.26
0000000056|0000|1990|02|0.56950|CI||5500|0|25000|107988|0|0|0|138488|0||||||138488.00|0.00|0.00|413.25|375.44|788.69
0000000056|0000|1990|03|0.40900|CO||5500|0|25000|107988|0|0|0|138488|0||||||138488.00|0.00|0.00|566.42|0.00|566.42
0000000056|0000|1990|04|0.00010|CR||5500|0|25000|107988|0|0|0|138488|0||||||138488.00|0.00|0.00|0.14|0.00|0.14
0000000056|0000|1990|68|0.05000|CC||5500|0|25000|107988|0|0|0|138488|0||||Y||138488.00|0.00|0.00|69.24|0.00|69.24
0000000057|0000|1990|01|1.26600|SD||0|0|450|0|0|0|0|450|0||U||Y||450.00|0.00|0.00|4.83|0.87|5.70
0000000057|0000|1990|02|0.56950|CI||0|0|450|0|0|0|0|450|0||U||||450.00|0.00|0.00|1.34|1.22|2.56
0000000057|0000|1990|03|0.40900|CO||0|0|450|0|0|0|0|450|0||U||||450.00|0.00|0.00|1.84|0.00|1.84
